10 14
-114 -110 -109 -161 -101 163 75 -150 34 40 10 78 -117 125
-294 63 87 81 -238 -167 -57 -270 99 -258 -215 -263 63 -22
-29 -224 126 9 135 -289 -131 -115 56 18 -186 104 172 176
-40 -221 124 -149 -30 -95 -269 4 177 -148 -107 -167 194 -144
-10 -150 -246 -138 -199 -201 79 -41 114 -298 143 -128 -42 21
-293 -231 -31 -143 -140 -34 -29 20 -183 134 -33 -141 -53 165
-202 -24 -183 2 -283 -286 94 -92 -34 151 4 74 -202 -299
-135 123 -93 -201 147 -91 -1 108 83 -264 173 -70 84 169
-267 -181 95 141 51 113 -139 -161 84 -159 -144 -55 127 0
3 16 52 -15 -132 -29 -144 -106 -71 -131 -89 -262 -132 -110
